3
0.935483870968
0.0384615384615
0.516129032258
-501.0
3
20
1
[-0.46290714  1.12171264  2.93140825  0.75229296  0.47453158  0.32375129
 -1.81792949  1.80354414  1.10945144 -1.19325322  1.63601776 -0.24723829
 -0.36176066 -0.29764908  0.92459977  0.84875677  1.72476631  1.14185448
 -0.63217941  0.26393743  0.98447967  0.0576016  -2.6596439   0.59980458
 -0.41137931  0.53567186 -1.71455034 -2.0573162   0.54484033  0.14659423
 -2.08015336  0.72830125  0.89027974 -1.33992629 -0.15135857  0.8310323
 -2.83624501 -0.12888432 -0.86600293  0.10493818  1.04457417 -0.12751098
  0.36895693  0.06920762  0.17184748 -2.48774084 -0.50482777  0.58647687
 -1.22282773  1.18009047  1.21165287 -0.75041444 -1.18020441 -2.23798602
  1.17282251 -0.78502108 -2.46922151  1.54891535  1.97085928  0.9378024 ]
[ 2.19536448  1.09363621  0.37900275 -0.5168114   0.44047866  3.51182424
  0.77743471 -0.07875397 -0.36756385  0.53100765 -0.18197994  0.41654736
  1.10392299 -0.25032033  1.39159821 -0.13098075  0.83914057 -0.81004994
 -1.29509008  1.56029119]
